%time motor_speed_0
0 0
0.001 0
0.002 0
0.003 0
0.004 0
0.005 0
0.006 0.000931153164187
0.007 0.00464927693155
0.008 0.0120660889841
0.009 0.023155758389
0.01 0.0378925784796
0.011 0.0553442276909
0.012 0.0736780878372
0.013 0.0919810093998
0.014 0.110252931681
0.015 0.128493794873
0.016 0.146644044046
0.017 0.164585043752
0.018 0.182258482646
0.019 0.199665954889
0.02 0.216809047567
0.021 0.233684262124
0.022 0.250283049777
0.023 0.266602003945
0.024 0.282642824542
0.025 0.298407203853
0.026 0.313899694464
0.027 0.329127689299
0.028 0.344095665963
0.029 0.358805206942
0.03 0.373257887614
0.031 0.387458693311
0.032 0.401415995534
0.033 0.415134694206
0.034 0.42861624173
0.035 0.441862083986
0.036 0.454876867514
0.037 0.467668417188
0.038 0.480241299672
0.039 0.49259684601
0.04 0.504736381266
0.041 0.516664154286
0.042 0.528387317302
0.043 0.539910046159
0.044 0.55123356094
0.045 0.562359076249
0.046 0.573290468643
0.047 0.584034258066
0.048 0.594594254535
0.049 0.604971576927
0.05 0.615167339092
0.051 0.625185077558
0.052 0.635030734626
0.053 0.644707786189
0.054 0.654217258822
0.055 0.66356017449
0.056 0.672739760118
0.057 0.681761432215
0.058 0.690628362446
0.059 0.699341493194
0.06 0.707901762608
0.061 0.716312115828
0.062 0.724577490988
0.063 0.732700782856
0.064 0.740682857
0.065 0.748524575097
0.066 0.756228625823
0.067 0.763799512111
0.068 0.771239876711
0.069 0.778550515089
0.07 0.785732219132
0.071 0.792787444095
0.072 0.799720296987
0.073 0.80653319118
0.074 0.813226858145
0.075 0.819802026062
0.076 0.826260937721
0.077 0.832607339949
0.078 0.838843437333
0.079 0.844969902907
0.08 0.850987406677
0.081 0.856897998038
0.082 0.862705096145
0.083 0.868410715537
0.084 0.874015475869
0.085 0.879519994008
0.086 0.884926143299
0.087 0.890237044803
0.088 0.895454540054
0.089 0.90057919993
0.09 0.905611592741
0.091 0.910553431566
0.092 0.91540756627
0.093 0.920175680889
0.094 0.924858301715
0.095 0.929455952667
0.096 0.933970200914
0.097 0.938403649596
0.098 0.942757839356
0.099 0.947033255711
0.1 0.951230381985
0.101 0.955350652495
0.102 0.959396445911
0.103 0.963369172317
0.104 0.96726927992
0.105 0.971097214904
0.106 0.974854290612
0.107 0.978542681489
0.108 0.982163678726
0.109 0.985717696382
0.11 0.989205146644
0.111 0.992627232682
0.112 0.995985943127
0.113 0.999282460894
0.114 1.00251716877
0.115 1.0056904478
0.116 1.00880340081
0.117 1.01185784736
0.118 1.01485487174
0.119 1.01779482809
0.12 1.02067806891
0.121 1.02350560563
0.122 1.02627910396
0.123 1.02899955835
0.124 1.03166729665
0.125 1.03428264522
0.126 1.0368465322
0.127 1.0393604833
0.128 1.04182541111
0.129 1.04424161938
0.13 1.04660941048
0.131 1.04892963663
0.132 1.05120369616
0.133 1.05343242705
0.134 1.05561611093
0.135 1.05775502812
0.136 1.0598499617
0.137 1.061902194
0.138 1.06391249504
0.139 1.0658811261
0.14 1.06780834727
0.141 1.06969487858
0.142 1.07154189678
0.143 1.07335010993
0.144 1.07511976061
0.145 1.07685109029
0.146 1.07854476151
0.147 1.08020185493
0.148 1.08182302208
0.149 1.08340848833
0.15 1.08495847806
0.151 1.08647360135
0.152 1.08795485135
0.153 1.08940282805
0.154 1.09081774098
0.155 1.09219979875
0.156 1.0935495636
0.157 1.09486794899
0.158 1.09615550787
0.159 1.09741243519
0.16 1.09863892501
0.161 1.09983549591
0.162 1.10100298877
0.163 1.10214191361
0.164 1.10325245192
0.165 1.10433478435
0.166 1.10538938963
0.167 1.10641704249
0.168 1.10741821376
0.169 1.10839307251
0.17 1.109341787
0.171 1.11026479957
0.172 1.11116282466
0.173 1.11203629733
0.174 1.11288537514
0.175 1.11371021492
0.176 1.11451122574
0.177 1.11528906712
0.178 1.11604414139
0.179 1.11677659549
0.18 1.11748657568
0.181 1.1181744606
0.182 1.11884085968
0.183 1.11948614537
0.184 1.12011045475
0.185 1.12071392427
0.186 1.12129690478
0.187 1.12185996001
0.188 1.12240343506
0.189 1.12292745788
0.19 1.12343215585
0.191 1.12391785435
0.192 1.12438507543
0.193 1.12483413915
0.194 1.125265165
0.195 1.12567827192
0.196 1.126073762
0.197 1.12645211922
0.198 1.12681364072
0.199 1.12715843813
0.2 1.12748662255
0.201 1.12779847471
0.202 1.12809444384
0.203 1.12837480608
0.204 1.12863966574
0.205 1.12888912662
0.206 1.1291234499
0.207 1.12934305301
0.208 1.12954819287
0.209 1.12973896695
0.21 1.12991547228
0.211 1.13007795206
0.212 1.1302267947
0.213 1.13036223943
0.214 1.13048437738
0.215 1.13059329924
0.216 1.13068923173
0.217 1.13077253667
0.218 1.1308434371
0.219 1.13090201818
0.22 1.13094836471
0.221 1.13098268826
0.222 1.13100532632
0.223 1.131016487
0.224 1.13101624994
0.225 1.13100469441
0.226 1.13098201804
0.227 1.13094853602
0.228 1.13090444276
0.229 1.13084981271
0.23 1.13078471996
0.231 1.13070934932
0.232 1.13062399554
0.233 1.13052884039
0.234 1.13042395347
0.235 1.13030940403
0.236 1.13018536504
0.237 1.13005211251
0.238 1.12990981656
0.239 1.12975854224
0.24 1.12959835424
0.241 1.12942941465
0.242 1.12925198221
0.243 1.12906621634
0.244 1.12887217777
0.245 1.12866992696
0.246 1.12845961591
0.247 1.12824148751
0.248 1.12801569126
0.249 1.12778228388
0.25 1.12754132181
0.251 1.12729294772
0.252 1.12703738994
0.253 1.12677478878
0.254 1.12650519718
0.255 1.1262286678
0.256 1.1259453347
0.257 1.12565541274
0.258 1.12535903375
0.259 1.1250562471
0.26 1.12474710191
0.261 1.12443172423
0.262 1.12411031652
0.263 1.12378300273
0.264 1.12344982886
0.265 1.12311084069
0.266 1.12276615685
0.267 1.12241596832
0.268 1.12206039176
0.269 1.12169946999
0.27 1.12133324561
0.271 1.12096183037
0.272 1.12058540465
0.273 1.12020407829
0.274 1.11981789112
0.275 1.11942688276
0.276 1.11903115853
0.277 1.11863088897
0.278 1.11822617762
0.279 1.11781706146
0.28 1.11740357729
0.281 1.11698582443
0.282 1.11656396431
0.283 1.11613809457
0.284 1.11570824951
0.285 1.11527446325
0.286 1.11483682953
0.287 1.11439550129
0.288 1.11395057067
0.289 1.11350206943
0.29 1.11305002915
0.291 1.11259453835
0.292 1.11213574208
0.293 1.11167372733
0.294 1.11120852345
0.295 1.11074015962
0.296 1.11026871946
0.297 1.10979434067
0.298 1.10931710542
0.299 1.10883704077
0.3 1.10835417361
0.301 1.10786858301
0.302 1.10738039975
0.303 1.1068897015
0.304 1.10639651314
0.305 1.10590085943
0.306 1.10540281509
0.307 1.10490250449
0.308 1.10440000106
0.309 1.1038953276
0.31 1.10338850682
0.311 1.1028796094
0.312 1.10236875368
0.313 1.10185600906
0.314 1.10134139644
0.315 1.10082493653
0.316 1.10030669622
0.317 1.09978678816
0.318 1.09926527802
0.319 1.09874218481
0.32 1.09821752741
0.321 1.09769136909
0.322 1.09716381718
0.323 1.0966349338
0.324 1.09610473618
0.325 1.09557324145
0.326 1.09504050948
0.327 1.09450664255
0.328 1.09397169945
0.329 1.09343569572
0.33 1.09289864682
0.331 1.09236060938
0.332 1.09182168096
0.333 1.09128191716
0.334 1.09074133192
0.335 1.0901999391
0.336 1.08965779231
0.337 1.08911498459
0.338 1.08857156854
0.339 1.08802755658
0.34 1.08748296106
0.341 1.08693783267
0.342 1.08639226022
0.343 1.08584629345
0.344 1.08529994333
0.345 1.08475322076
0.346 1.0842061737
0.347 1.0836588869
0.348 1.08311140739
0.349 1.08256374477
0.35 1.08201590856
0.351 1.08146794411
0.352 1.08091993232
0.353 1.08037191765
0.354 1.07982390839
0.355 1.07927591275
0.356 1.07872797359
0.357 1.07818016814
0.358 1.07763253841
0.359 1.07708509145
0.36 1.07653783422
0.361 1.0759908072
0.362 1.07544408414
0.363 1.0748977047
0.364 1.07435167475
0.365 1.07380600006
0.366 1.07326071885
0.367 1.07271590153
0.368 1.07217158553
0.369 1.07162777558
0.37 1.07108447634
0.371 1.07054172386
0.372 1.06999958535
0.373 1.06945809611
0.374 1.06891725979
0.375 1.06837708
0.376 1.06783759071
0.377 1.06729885607
0.378 1.06676090933
0.379 1.06622375313
0.38 1.06568739007
0.381 1.06515185213
0.382 1.06461720052
0.383 1.06408346655
0.384 1.06355065188
0.385 1.06301875816
0.386 1.06248781547
0.387 1.06195788218
0.388 1.06142898775
0.389 1.06090113291
0.39 1.0603743184
0.391 1.05984857249
0.392 1.05932395082
0.393 1.05880048106
0.394 1.05827816308
0.395 1.05775699675
0.396 1.05723700861
0.397 1.05671825166
0.398 1.05620075186
0.399 1.05568450826
0.4 1.05516951991
0.401 1.05465581166
0.402 1.05414343402
0.403 1.05363241128
0.404 1.05312274172
0.405 1.05261442361
0.406 1.0521074802
0.407 1.05160195955
0.408 1.05109788438
0.409 1.05059525223
0.41 1.05009406064
0.411 1.04959433133
0.412 1.04909610999
0.413 1.04859941783
0.414 1.04810425169
0.415 1.04761060843
0.416 1.04711850826
0.417 1.04662799464
0.418 1.04613908729
0.419 1.0456517824
0.42 1.04516607619
0.421 1.04468198745
0.422 1.04419955741
0.423 1.04371880442
0.424 1.04323972405
0.425 1.0427623119
0.426 1.04228658539
0.427 1.04181258363
0.428 1.04134032362
0.429 1.04086980035
0.43 1.04040100885
0.431 1.03993396521
0.432 1.03946870651
0.433 1.03900524842
0.434 1.03854358542
0.435 1.03808371197
0.436 1.03762564292
0.437 1.03716941335
0.438 1.03671503768
0.439 1.03626250988
0.44 1.03581182392
0.441 1.03536299342
0.442 1.03491605153
0.443 1.03447101149
0.444 1.03402786679
0.445 1.03358661091
0.446 1.03314725632
0.447 1.03270983429
0.448 1.03227435691
0.449 1.03184081723
0.45 1.03140920831
0.451 1.03097954146
0.452 1.03055184618
0.453 1.03012613342
0.454 1.02970239584
0.455 1.02928062608
0.456 1.02886083438
0.457 1.02844304847
0.458 1.02802727827
0.459 1.02761351602
0.46 1.02720175401
0.461 1.02679200143
0.462 1.02638428431
0.463 1.02597861155
0.464 1.02557497505
0.465 1.02517336673
0.466 1.02477379481
0.467 1.02437628365
0.468 1.02398084119
0.469 1.02358745899
0.47 1.02319612866
0.471 1.02280685745
0.472 1.02241966814
0.473 1.02203456772
0.474 1.02165154746
0.475 1.02127059867
0.476 1.02089172769
0.477 1.02051495575
0.478 1.02014028894
0.479 1.01976771825
0.48 1.01939723474
0.481 1.01902884385
0.482 1.01866256533
0.483 1.01829840439
0.484 1.0179363518
0.485 1.01757639835
0.486 1.01721854865
0.487 1.01686282099
0.488 1.01650921977
0.489 1.01615773553
0.49 1.01580835883
0.491 1.01546109348
0.492 1.01511595638
0.493 1.01477295112
0.494 1.01443206805
0.495 1.01409329754
0.496 1.0137566426
0.497 1.01342211881
0.498 1.01308972898
0.499 1.01275946329
0.5 1.01243131193
0.501 1.01210527719
0.502 1.01178137331
0.503 1.01145960239
0.504 1.01113995445
0.505 1.01082241954
0.506 1.01050699923
0.507 1.0101937065
0.508 1.00988254276
0.509 1.00957349788
0.51 1.0092665618
0.511 1.00896173539
0.512 1.00865903043
0.513 1.00835844766
0.514 1.00805997684
0.515 1.00776360778
0.516 1.00746934073
0.517 1.00717718628
0.518 1.00688714453
0.519 1.00659920515
0.52 1.00631335787
0.521 1.00602960231
0.522 1.00574794792
0.523 1.00546839421
0.524 1.00519093077
0.525 1.00491554725
0.526 1.0046422427
0.527 1.00437102545
0.528 1.00410189445
0.529 1.00383483924
0.53 1.0035698494
0.531 1.00330692342
0.532 1.0030460686
0.533 1.00278728331
0.534 1.00253055706
0.535 1.0022758794
0.536 1.00202324829
0.537 1.00177267
0.538 1.00152414239
0.539 1.00127765496
0.54 1.00103319722
0.541 1.00079076661
0.542 1.00055036846
0.543 1.00031200012
0.544 1.00007565107
0.545 0.999841310834
0.546 0.999608976376
0.547 0.999378652063
0.548 0.999150334796
0.549 0.998924014059
0.55 0.998699679379
0.551 0.998477327276
0.552 0.998256961211
0.553 0.998038577646
0.554 0.997822166084
0.555 0.997607716076
0.556 0.997395223715
0.557 0.997184691597
0.558 0.996976115767
0.559 0.996769485764
0.56 0.996564791172
0.561 0.996362027686
0.562 0.996161197069
0.563 0.995962294976
0.564 0.995765310995
0.565 0.995570234755
0.566 0.995377061576
0.567 0.995185792426
0.568 0.994996422591
0.569 0.994808941719
0.57 0.9946233395
0.571 0.9944396109
0.572 0.994257756125
0.573 0.994077770118
0.574 0.993899642599
0.575 0.993723363326
0.576 0.993548926939
0.577 0.993376332913
0.578 0.993205575872
0.579 0.993036645615
0.58 0.992869531986
0.581 0.992704229312
0.582 0.992540736379
0.583 0.992379047507
0.584 0.992219152589
0.585 0.992061041561
0.586 0.991904708465
0.587 0.991750151422
0.588 0.991597364477
0.589 0.991446337623
0.59 0.991297060898
0.591 0.991149528078
0.592 0.991003736656
0.593 0.990859680416
0.594 0.990717349465
0.595 0.99057673395
0.596 0.990437827404
0.597 0.990300626719
0.598 0.990165125443
0.599 0.990031313801
0.6 0.989899182061
0.601 0.989768723529
0.602 0.98963993453
0.603 0.989512808393
0.604 0.98938733547
0.605 0.989263506158
0.606 0.989141313556
0.607 0.989020753451
0.608 0.988901818972
0.609 0.988784500607
0.61 0.988668788886
0.611 0.988554676722
0.612 0.988442159393
0.613 0.988331229845
0.614 0.98822187871
0.615 0.988114096659
0.616 0.988007876436
0.617 0.987903212838
0.618 0.987800098646
0.619 0.987698524643
0.62 0.987598481647
0.621 0.987499962249
0.622 0.987402960795
0.623 0.987307469919
0.624 0.987213480557
0.625 0.987120983684
0.626 0.987029971754
0.627 0.986940438688
0.628 0.98685237699
0.629 0.986765777755
0.63 0.98668063212
0.631 0.986596932418
0.632 0.986514672172
0.633 0.986433843771
0.634 0.986354438476
0.635 0.986276447589
0.636 0.986199863338
0.637 0.986124678876
0.638 0.986050886491
0.639 0.985978477615
0.64 0.985907443719
0.641 0.985837776944
0.642 0.985769470093
0.643 0.98570251537
0.644 0.985636904383
0.645 0.985572628777
0.646 0.985509680616
0.647 0.985448052384
0.648 0.985387736214
0.649 0.98532872389
0.65 0.985271007237
0.651 0.985214578258
0.652 0.985159429138
0.653 0.985105551953
0.654 0.985052938671
0.655 0.985001581296
0.656 0.984951471785
0.657 0.984902602048
0.658 0.984854964117
0.659 0.984808550145
0.66 0.98476335232
0.661 0.984719362565
0.662 0.984676572538
0.663 0.98463497424
0.664 0.984594560011
0.665 0.984555322227
0.666 0.984517252787
0.667 0.984480343122
0.668 0.984444585211
0.669 0.984409971586
0.67 0.984376494811
0.671 0.984344146776
0.672 0.984312918701
0.673 0.984282802561
0.674 0.984253791077
0.675 0.984225877005
0.676 0.984199052236
0.677 0.984173307804
0.678 0.984148635685
0.679 0.984125028795
0.68 0.984102480082
0.681 0.98408098145
0.682 0.984060523763
0.683 0.984041099014
0.684 0.984022700313
0.685 0.984005320801
0.686 0.983988952405
0.687 0.983973585841
0.688 0.983959213125
0.689 0.983945827564
0.69 0.983933422494
0.691 0.983921989873
0.692 0.983911520289
0.693 0.983902005791
0.694 0.983893439883
0.695 0.983885816096
0.696 0.98387912643
0.697 0.983873361362
0.698 0.983868512984
0.699 0.983864574996
0.7 0.983861541125
0.701 0.983859403423
0.702 0.983858152271
0.703 0.983857779815
0.704 0.98385827995
0.705 0.983859646601
0.706 0.983861871876
0.707 0.983864946083
0.708 0.983868861425
0.709 0.983873611996
0.71 0.983879191915
0.711 0.983885593358
0.712 0.983892806572
0.713 0.983900823828
0.714 0.983909639416
0.715 0.983919247651
0.716 0.983929640785
0.717 0.983940809016
0.718 0.983952744694
0.719 0.983965442303
0.72 0.983978896354
0.721 0.983993099178
0.722 0.984008040947
0.723 0.98402371409
0.724 0.984040113288
0.725 0.984057233244
0.726 0.984075066379
0.727 0.984093602847
0.728 0.98411283517
0.729 0.984132758219
0.73 0.984153366891
0.731 0.984174653703
0.732 0.984196608805
0.733 0.984219224817
0.734 0.984242496799
0.735 0.984266419842
0.736 0.984290986561
0.737 0.984316187121
0.738 0.984342014239
0.739 0.98436846317
0.74 0.984395529191
0.741 0.984423205026
0.742 0.984451480863
0.743 0.984480349526
0.744 0.984509806458
0.745 0.984539847125
0.746 0.984570464361
0.747 0.984601648392
0.748 0.984633392153
0.749 0.984665691273
0.75 0.984698541405
0.751 0.9847319355
0.752 0.98476586383
0.753 0.984800319448
0.754 0.984835298167
0.755 0.984870795823
0.756 0.98490680549
0.757 0.984943317497
0.758 0.984980325018
0.759 0.985017824049
0.76 0.985055810608
0.761 0.985094277893
0.762 0.985133216302
0.763 0.985172619134
0.764 0.985212482566
0.765 0.985252802795
0.766 0.985293573146
0.767 0.985334784098
0.768 0.985376429078
0.769 0.98541850444
0.77 0.985461006557
0.771 0.985503928888
0.772 0.985547261999
0.773 0.985590999449
0.774 0.985635137767
0.775 0.9856796735
0.776 0.985724600243
0.777 0.985769908659
0.778 0.985815592441
0.779 0.985861648289
0.78 0.985908072923
0.781 0.985954860076
0.782 0.986002000516
0.783 0.986049488073
0.784 0.986097319618
0.785 0.986145492038
0.786 0.986193999206
0.787 0.986242832005
0.788 0.986291984403
0.789 0.986341453438
0.79 0.986391236162
0.791 0.986441326592
0.792 0.986491715731
0.793 0.986542397688
0.794 0.986593369666
0.795 0.986644628878
0.796 0.986696169486
0.797 0.986747982619
0.798 0.986800062534
0.799 0.986852406588
0.8 0.986905012158
0.801 0.986957873551
0.802 0.987010982029
0.803 0.987064331994
0.804 0.987117920962
0.805 0.987171746464
0.806 0.987225802955
0.807 0.987280081838
0.808 0.987334577659
0.809 0.98738928809
0.81 0.987444210813
0.811 0.987499340433
0.812 0.987554668498
0.813 0.987610189702
0.814 0.987665901866
0.815 0.987721802822
0.816 0.987777887324
0.817 0.987834147071
0.818 0.987890576906
0.819 0.987947174795
0.82 0.988003938718
0.821 0.988060863578
0.822 0.988117941229
0.823 0.988175166662
0.824 0.988232537989
0.825 0.988290053329
0.826 0.988347707739
0.827 0.988405493231
0.828 0.988463404945
0.829 0.988521441133
0.83 0.988579600052
0.831 0.988637876911
0.832 0.988696263884
0.833 0.988754756263
0.834 0.988813352432
0.835 0.988872050788
0.836 0.988930846687
0.837 0.988989732473
0.838 0.989048703584
0.839 0.989107758539
0.84 0.989166895865
0.841 0.989226111071
0.842 0.989285396669
0.843 0.989344748246
0.844 0.989404164451
0.845 0.989463643939
0.846 0.989523182368
0.847 0.989582772423
0.848 0.989642409842
0.849 0.989702093396
0.85 0.989761821866
0.851 0.98982159106
0.852 0.989881393837
0.853 0.989941226084
0.854 0.990001086693
0.855 0.990060974566
0.856 0.990120885661
0.857 0.990180813012
0.858 0.990240752654
0.859 0.990300703599
0.86 0.990360664863
0.861 0.990420632553
0.862 0.990480599884
0.863 0.990540563036
0.864 0.990600521133
0.865 0.990660473308
0.866 0.990720415813
0.867 0.990780342044
0.868 0.990840248325
0.869 0.990900133892
0.87 0.990959997988
0.871 0.99101983701
0.872 0.991079644535
0.873 0.991139417032
0.874 0.991199153844
0.875 0.991258854318
0.876 0.991318514999
0.877 0.991378129644
0.878 0.991437694864
0.879 0.991497210107
0.88 0.991556674822
0.881 0.991616085696
0.882 0.99167543667
0.883 0.991734724497
0.884 0.991793948722
0.885 0.991853108895
0.886 0.991912201843
0.887 0.991971221691
0.888 0.992030165331
0.889 0.992089032404
0.89 0.992147822556
0.891 0.992206532753
0.892 0.992265157304
0.893 0.992323693237
0.894 0.992382140287
0.895 0.992440498191
0.896 0.992498764055
0.897 0.992556932367
0.898 0.992615000293
0.899 0.992672967657
0.9 0.992730834285
0.901 0.992788597416
0.902 0.992846251724
0.903 0.992903794507
0.904 0.992961225674
0.905 0.993018545136
0.906 0.993075750267
0.907 0.993132835921
0.908 0.99318979953
0.909 0.993246641083
0.91 0.993303360573
0.911 0.993359955505
0.912 0.993416420915
0.913 0.993472754364
0.914 0.99352895592
0.915 0.993585025654
0.916 0.9936409612
0.917 0.993696757773
0.918 0.993752413062
0.919 0.993807927211
0.92 0.993863300365
0.921 0.993918530284
0.922 0.993973612363
0.923 0.994028544415
0.924 0.994083326657
0.925 0.994137959303
0.926 0.994192440241
0.927 0.994246765041
0.928 0.994300931639
0.929 0.994354940319
0.93 0.994408791366
0.931 0.994462482788
0.932 0.994516010331
0.933 0.994569372051
0.934 0.994622568299
0.935 0.994675599422
0.936 0.994728463548
0.937 0.994781156599
0.938 0.994833676747
0.939 0.994886024405
0.94 0.994938199983
0.941 0.994990201724
0.942 0.995042025722
0.943 0.995093670267
0.944 0.995145135828
0.945 0.995196422873
0.946 0.995247529762
0.947 0.995298452758
0.948 0.995349190262
0.949 0.995399742799
0.95 0.995450110894
0.951 0.995500293018
0.952 0.9955502856
0.953 0.995600087153
0.954 0.995649698255
0.955 0.995699119482
0.956 0.995748349413
0.957 0.995797384646
0.958 0.995846223797
0.959 0.995894867496
0.96 0.995943316368
0.961 0.995991569099
0.962 0.996039622447
0.963 0.996087475137
0.964 0.996135127842
0.965 0.996182581235
0.966 0.996229834106
0.967 0.996276883372
0.968 0.996323727861
0.969 0.996370368289
0.97 0.996416805373
0.971 0.996463038003
0.972 0.996509063255
0.973 0.996554880055
0.974 0.996600489161
0.975 0.99664589133
0.976 0.99669108555
0.977 0.996736069053
0.978 0.99678084086
0.979 0.996825401768
0.98 0.996869752572
0.981 0.996913892355
0.982 0.9969578185
0.983 0.997001530123
0.984 0.997045028057
0.985 0.997088313131
0.986 0.997131384521
0.987 0.99717423976
0.988 0.997216878054
0.989 0.997259300267
0.99 0.997301507264
0.991 0.99734349831
0.992 0.997385271083
0.993 0.997426824876
0.994 0.997468160587
0.995 0.997509279108
0.996 0.997550179791
0.997 0.997590860459
0.998 0.99763132049
0.999 0.997671560808
1 0.997711582334
1.001 0.997751384505
1.002 0.997790965282
1.003 0.997830324125
1.004 0.997869461986
1.005 0.997908379811
1.006 0.997947077116
1.007 0.997985552001
1.008 0.998023804005
1.009 0.998061834102
1.01 0.998099643262
1.011 0.998137231081
1.012 0.99817459579
1.013 0.998211737006
1.014 0.998248655724
1.015 0.998285352934
1.016 0.998321828309
1.017 0.998358080208
1.018 0.998394108325
1.019 0.998429913672
1.02 0.998465497258
1.021 0.998500858829
1.022 0.998535996871
1.023 0.998570911148
1.024 0.998605602691
1.025 0.998640072524
1.026 0.998674320463
1.027 0.998708345118
1.028 0.998742146322
1.029 0.998775725119
1.03 0.998809082551
1.031 0.998842218497
1.032 0.998875131691
1.033 0.998907822029
1.034 0.99894029057
1.035 0.998972538366
1.036 0.999004565363
1.037 0.99903637041
1.038 0.999067953468
1.039 0.999099315605
1.04 0.999130457885
1.041 0.999161380316
1.042 0.99919208186
1.043 0.999222562538
1.044 0.999252823428
1.045 0.999282865601
1.046 0.999312689126
1.047 0.999342293074
1.048 0.999371677525
1.049 0.999400843563
1.05 0.999429792268
1.051 0.999458523764
1.052 0.999487037228
1.053 0.999515332797
1.054 0.999543411561
1.055 0.999571274602
1.056 0.999598922101
1.057 0.999626353338
1.058 0.999653568502
1.059 0.999680568686
1.06 0.999707354979
1.061 0.99973392761
1.062 0.99976028596
1.063 0.999786430269
1.064 0.999812361631
1.065 0.999838081138
1.066 0.999863589068
1.067 0.999888884898
1.068 0.999913968917
1.069 0.999938842219
1.07 0.999963505895
1.071 0.999987960271
1.072 1.00001220492
1.073 1.00003624017
1.074 1.00006006712
1.075 1.00008368686
1.076 1.00010709975
1.077 1.00013030547
1.078 1.00015330437
1.079 1.00017609757
1.08 1.00019868614
1.081 1.0002210705
1.082 1.00024325039
1.083 1.00026522623
1.084 1.00028699911
1.085 1.00030857011
1.086 1.00032993969
1.087 1.00035110766
1.088 1.00037207451
1.089 1.00039284129
1.09 1.00041340909
1.091 1.00043377841
1.092 1.00045394915
1.093 1.0004739218
1.094 1.00049369744
1.095 1.00051327714
1.096 1.00053266143
1.097 1.00055185029
1.098 1.00057084425
1.099 1.00058964438
1.1 1.00060825175
1.101 1.0006266669
1.102 1.00064488991
1.103 1.00066292133
1.104 1.00068076222
1.105 1.00069841363
1.106 1.00071587617
1.107 1.00073314994
1.108 1.00075023555
1.109 1.00076713405
1.11 1.00078384648
1.111 1.00080037346
1.112 1.00081671518
1.113 1.00083287227
1.114 1.00084884576
1.115 1.00086463669
1.116 1.0008802457
1.117 1.00089567306
1.118 1.00091091941
1.119 1.00092598577
1.12 1.00094087318
1.121 1.00095558229
1.122 1.00097011344
1.123 1.00098446729
1.124 1.00099864485
1.125 1.00101264714
1.126 1.00102647485
1.127 1.00104012835
1.128 1.00105360835
1.129 1.00106691584
1.13 1.00108005182
1.131 1.001093017
1.132 1.00110581182
1.133 1.00111843699
1.134 1.0011308935
1.135 1.00114318232
1.136 1.00115530421
1.137 1.00116725963
1.138 1.00117904932
1.139 1.00119067425
1.14 1.0012021354
1.141 1.00121343351
1.142 1.00122456913
1.143 1.00123554298
1.144 1.00124635604
1.145 1.00125700925
1.146 1.00126750339
1.147 1.00127783904
1.148 1.00128801695
1.149 1.00129803807
1.15 1.00130790333
1.151 1.00131761353
1.152 1.00132716927
1.153 1.00133657135
1.154 1.00134582067
1.155 1.00135491817
1.156 1.00136386464
1.157 1.00137266074
1.158 1.00138130726
1.159 1.00138980511
1.16 1.00139815519
1.161 1.00140635832
1.162 1.00141441518
1.163 1.00142232658
1.164 1.0014300934
1.165 1.00143771655
1.166 1.00144519682
1.167 1.00145253497
1.168 1.00145973179
1.169 1.00146678815
1.17 1.00147370494
1.171 1.00148048296
1.172 1.001487123
1.173 1.00149362586
1.174 1.0014999924
1.175 1.00150622347
1.176 1.0015123199
1.177 1.00151828249
1.178 1.00152411206
1.179 1.00152980945
1.18 1.00153537548
1.181 1.00154081101
1.182 1.00154611684
1.183 1.00155129381
1.184 1.00155634273
1.185 1.00156126443
1.186 1.00156605973
1.187 1.00157072949
1.188 1.00157527454
1.189 1.00157969568
1.19 1.0015839937
1.191 1.00158816945
1.192 1.00159222379
1.193 1.00159615757
1.194 1.00159997156
1.195 1.00160366653
1.196 1.00160724333
1.197 1.00161070285
1.198 1.00161404594
1.199 1.00161727334
1.2 1.00162038582
1.201 1.00162338421
1.202 1.00162626943
1.203 1.00162904232
1.204 1.00163170362
1.205 1.00163425405
1.206 1.00163669447
1.207 1.0016390258
1.208 1.00164124888
1.209 1.00164336443
1.21 1.00164537316
1.211 1.00164727591
1.212 1.00164907364
1.213 1.00165076717
1.214 1.0016523572
1.215 1.00165384442
1.216 1.00165522968
1.217 1.00165651393
1.218 1.00165769801
1.219 1.00165878258
1.22 1.00165976834
1.221 1.00166065609
1.222 1.00166144684
1.223 1.00166214139
1.224 1.00166274041
1.225 1.00166324454
1.226 1.00166365462
1.227 1.00166397163
1.228 1.0016641964
1.229 1.00166432954
1.23 1.00166437171
1.231 1.00166432372
1.232 1.00166418657
1.233 1.00166396107
1.234 1.00166364783
1.235 1.00166324747
1.236 1.00166276081
1.237 1.00166218884
1.238 1.00166153237
1.239 1.00166079199
1.24 1.00165996831
1.241 1.00165906211
1.242 1.00165807443
1.243 1.00165700604
1.244 1.00165585753
1.245 1.00165462947
1.246 1.00165332266
1.247 1.00165193811
1.248 1.0016504766
1.249 1.0016489387
1.25 1.00164732495
1.251 1.00164563615
1.252 1.00164387331
1.253 1.00164203721
1.254 1.00164012838
1.255 1.00163814735
1.256 1.00163609492
1.257 1.00163397208
1.258 1.00163177962
1.259 1.00162951804
1.26 1.00162718786
1.261 1.00162478985
1.262 1.00162232503
1.263 1.00161979414
1.264 1.00161719769
1.265 1.00161453617
1.266 1.00161181034
1.267 1.00160902122
1.268 1.00160616954
1.269 1.00160325579
1.27 1.00160028044
1.271 1.00159724423
1.272 1.00159414819
1.273 1.00159099303
1.274 1.00158777922
1.275 1.00158450722
1.276 1.00158117775
1.277 1.00157779183
1.278 1.00157435017
1.279 1.00157085323
1.28 1.00156730142
1.281 1.00156369548
1.282 1.0015600364
1.283 1.00155632489
1.284 1.00155256138
1.285 1.00154874628
1.286 1.00154488029
1.287 1.00154096443
1.288 1.00153699937
1.289 1.00153298552
1.29 1.00152892329
1.291 1.00152481336
1.292 1.00152065673
1.293 1.00151645407
1.294 1.00151220576
1.295 1.0015079122
1.296 1.00150357406
1.297 1.00149919232
1.298 1.00149476765
1.299 1.00149030041
1.3 1.00148579097
1.301 1.00148123999
1.302 1.00147664844
1.303 1.00147201698
1.304 1.00146734596
1.305 1.00146263572
1.306 1.00145788691
1.307 1.00145310049
1.308 1.0014482771
1.309 1.00144341707
1.31 1.00143852074
1.311 1.00143358873
1.312 1.001428622
1.313 1.00142362117
1.314 1.00141858655
1.315 1.00141351846
1.316 1.00140841752
1.317 1.00140328466
1.318 1.00139812049
1.319 1.00139292532
1.32 1.00138769943
1.321 1.00138244343
1.322 1.00137715825
1.323 1.00137184448
1.324 1.0013665024
1.325 1.00136113229
1.326 1.00135573474
1.327 1.00135031066
1.328 1.00134486063
1.329 1.00133938492
1.33 1.00133388378
1.331 1.0013283578
1.332 1.00132280787
1.333 1.00131723455
1.334 1.00131163809
1.335 1.00130601875
1.336 1.00130037707
1.337 1.00129471394
1.338 1.00128902991
1.339 1.00128332522
1.34 1.00127760009
1.341 1.00127185507
1.342 1.00126609102
1.343 1.00126030848
1.344 1.00125450767
1.345 1.0012486888
1.346 1.0012428524
1.347 1.00123699932
1.348 1.00123113008
1.349 1.00122524489
1.35 1.00121934394
1.351 1.00121342775
1.352 1.00120749715
1.353 1.00120155264
1.354 1.00119559442
1.355 1.00118962267
1.356 1.00118363789
1.357 1.00117764088
1.358 1.00117163216
1.359 1.00116561188
1.36 1.00115958022
1.361 1.00115353766
1.362 1.00114748501
1.363 1.00114142273
1.364 1.00113535098
1.365 1.00112926993
1.366 1.00112318004
1.367 1.00111708209
1.368 1.00111097654
1.369 1.00110486354
1.37 1.00109874323
1.371 1.00109261606
1.372 1.0010864828
1.373 1.0010803439
1.374 1.00107419947
1.375 1.00106804967
1.376 1.00106189491
1.377 1.00105573596
1.378 1.00104957323
1.379 1.00104340685
1.38 1.00103723693
1.381 1.00103106391
1.382 1.00102488849
1.383 1.00101871111
1.384 1.00101253186
1.385 1.00100635086
1.386 1.0010001685
1.387 1.0009939855
1.388 1.00098780226
1.389 1.00098161887
1.39 1.00097543542
1.391 1.00096925232
1.392 1.00096307024
1.393 1.00095688958
1.394 1.00095071041
1.395 1.00094453281
1.396 1.00093835718
1.397 1.00093218417
1.398 1.00092601415
1.399 1.00091984721
